UONSPEOTVS METRORVM

Sonarii iambici
a) integ-ri: Liuius Andronicus 3
5-16 30 31* 35 38 40 41 Nae-
nius l—-4 6 14 sq.* 21 24-26 30-
33 35 37 49 51 52* 56 59 64 65
11111ιί113 4 13 14 33 34 601· 61 64
65 67 73³ 89—93 98 107-111 112*
113-117 119128 sq. 132 sq. 135—
140 153 sq* 156 sq. 170—174 197
1κ·(1.202 204 203 (*) 205-217 224
231 sq. 234 242-245 247 sq. 249
.q. (²³²) 285 286 291 293 296 297
330 338 339 345 sq. *347 349— 353
355 366- 368372 373 386ῌ 388 389
402 408 Pacuuius 1ἃ 2-7 10 16
17 20 32 37? 41 sq..2 43 46’· 47
50 sq. 58 sq. 64 65 67-69 71 72
74 75 80-82 84 85 100 101 105
106 114—-118 131 135 144 146
149-152 158 159 162 164166 172
-176 179--181 188 192 194 202
203 205-208 210 211 214 215 222
-224 229 233-236 238 249--252
’254 255 270 271 276-278 283-
288 291-293 295 297 298 300 313
-317 319-321 324 326 341 346
347 349 354-356 362 364 365 378
383 384 391 393 395 397 398 sq.3
400 401 403 404 426 Attius 2 4-·
916 19 20 21 22 23*2 26 30 sq.*?
-31 46- 49 56* 57 66 67 69 70 74
76 84-87* 93 --95 98-101 108 113
114116-118 120122124 133- 135
115 146 150-153156-158164 165
167169170187-189 191 192 197
-201 205 207-213 217-219 221
234-237 241 sq. 245 246 ’253-
255 259 266-268 270-272 274
’278- 283 299-301 303 304 307 -—
315 318 319 321 325- 33 2 345 —-
'135492150952—355 377 378. >81
8) )84“ 386 3902 392- 406 409 411
413 416 433 434 441 442 455-459
465 466 470-472 478-481 486 490
493-496 500 502 503 506-511 515
516 538-541 543 545 548 550-
553 559 566 567 574-578 580? 581
-586 590 591 593? 594 595 597—
600 602 603 609 610 618 620 621
625 628 633 634 636 — 638 647 648

653“25 655 657-662 6682 674 682
-684 686 695 Pompilius. Caesar
1 2 Santra 2 4 Gracchus 1 3
Ouidius l Nelei carmen 1—3 inc.
inc. fab. 1 4²³< 5—17 26 28 34 38
41 43 44 47-63 69 70 83 84 90
101-105 111 112 114 120-122
124 133--137 159 164 177-181
186-199 202-204 206-209 215
217 219 221 222* 223 240-244
246-248 253 -259 260 Naeuius
praet. 2 Pacuuius praet. 1 4 5

Attius praet. 1-—7 17-28 41
Inter hos Gmeccmici suut

Liuii 8 9 11 30 Naeuii 24 32 56
praet. 2 Ennii 107-109 111 114
-116 129 132 197 198 207 210 212
214 217 224 Pacuuii 72 Attii 9
47 57 100 101 114 400 406 540 582
praet. 3 22 Santrae 1 3 Gracchi
1 3 Ouidii 1 inc. inc. fab. 9 11
13 15 38 84 104-106 120-122
124 133 199 203 204 207 209 240
-243 253

b) frusta: Liuius Andronicus 2 4 17
Naeuius 11? 20 36 50 Ennius 5
7 8 915 17 35 60³ 63 66 73¹¹ 99
118 131 132 218 225 294 348 354
387 Pacuuius 1b 8 9 11? 21? 33
34? 52 66 70 75³ 83 104 107? 111
113 132 133 143 145 161 163 170
171 182 183 1842 189 191 193 195
196 204 209 253 2892 296 299
318Ϋὲ ’45 363 2 402 405 sq. ‘z' 4222
Attius-3 20¹¹ 25 29 42 44 45 58 sq.
68 73 77 107 119 121 166 168 202

203 sq? 206 220 222 240 247 248 v

252 269 273 284 320 341 351 373
3762 379 383 388 sq.‘? 3902 390¹
391410 412 440 464 467 470-472
497? 514 542 5372 546 547 549 558
5792 619 622 626 6281) 631 632
635 639-641 65331 654 6662 677
670681 689 690 Santra 1 3 Va·-
rius 1 2 Laomedon. inc. inc.
fab 339 40 92? 95‘? 106 107 123
145 149? 155 158 163 181 185 205
216 220 224(*) 226 234 2362 245
255 256 Attius praet. 39

